version=3
tiles_per_file=32
hash_size=1
center=32.8140826366722,-97.119140625,0,GoogleTer
